# This file contains data defining a Diagonal E SBP operator for triangles
# The operator is defined on the reference right-triangle.
# Each line below this header is as follows
# line 1: integer giving the number of nodes
# line 2: list of x-coordinates of the cubature nodes
# line 3: list of y-coordinates of the cubature nodes
# line 4: list of cubature weights
# lines 5: the rows in the matrix Qx
# lines 6: the rows in the matrix Qy
18
0.0, 1.0, 0.0, 0.5, 0.5, 0.0, 0.4243860251718814, 0.4243860251718814, 0.1512279496562372, 0.14200508409677795, 0.14200508409677795, 0.7159898318064442, 0.17267316464601146, 0.8273268353539885, 0.8273268353539885, 0.17267316464601146, 0.0, 0.0
0.0, 0.0, 1.0, 0.0, 0.5, 0.5, 0.1512279496562372, 0.4243860251718814, 0.4243860251718814, 0.7159898318064442, 0.14200508409677795, 0.14200508409677795, 0.0, 0.0, 0.17267316464601146, 0.8273268353539885, 0.8273268353539885, 0.17267316464601146
0.0022825661430496253, 0.0022825661430496253, 0.0022825661430496253, 0.015504052643022513, 0.015504052643022513, 0.015504052643022513, 0.07467669469983994, 0.07467669469983994, 0.07467669469983994, 0.051518167995569394, 0.051518167995569394, 0.051518167995569394, 0.011342592592592586, 0.011342592592592586, 0.011342592592592586, 0.011342592592592586, 0.011342592592592586, 0.011342592592592586
-0.025, 0.00038613834680634244, 0.00019306917340317602, -0.004313294623214622, -0.001279375679194124, -0.0043919664320535776, -0.009296110467229439, 0.0068994999497265785, -0.007738689099893053, 0.008730947890165592, 0.0066745177079253456, 0.003714018216830397, 0.026150109904194, 0.0008467948480090762, -0.002591703566416367, -0.006014305111551604, 0.0013555869880658275, 0.005674761954426647, -0.00038613834680634244, 0.025, -0.0001930691734031676, 0.0043132946232146965, 0.004391966432053574, 0.0012793756791941997, 0.009296110467229394, 0.007738689099892987, -0.006899499949726609, -0.00873094789016565, -0.003714018216830388, -0.00667451770792535, -0.0008467948480091515, -0.026150109904194026, -0.005674761954426613, -0.0013555869880658225, 0.006014305111551616, 0.002591703566416362, -0.00019306917340317602, 0.0001930691734031676, 0.0, -1.811403068897725e-17, 7.867180883891618e-5, -7.867180883894228e-5, -3.1408883937545775e-17, -0.0015574213673364594, 0.0015574213673363512, -3.8101691224041025e-17, 0.00501692967333524, -0.005016929673335273, -0.003422601545135204, 0.0034226015451352208, -0.0005087921400567256, 0.02047534794976741, -0.02047534794976745, 0.0005087921400567317, 0.004313294623214622, -0.0043132946232146965, 1.811403068897725e-17, 0.0, 0.013839080476872906, -0.013839080476873072, 3.307510777073195e-17, -0.03459871245122664, 0.034598712451226414, -9.189125306458539e-17, -0.040364384428631335, 0.04036438442863142, -0.022742479423913452, 0.022742479423913463, -0.018937679610066337, -0.00023520372509527936, 0.00023520372509506197, 0.01893767961006634, 0.001279375679194124, -0.004391966432053574, -7.867180883891618e-5, -0.013839080476872906, 0.17777777777777778, -0.027678160953745846, 0.03163596580772814, -0.18370550217471002, 0.06623467825895417, -0.07008260635708521, -0.006732585472688898, -0.029718221928453626, -0.0005355452305399917, 0.019215132348964697, 0.012754709966348579, -0.00998776945756491, 0.038152811959031134, -0.000300341505444743, 0.0043919664320535776, -0.0012793756791941997, 7.867180883894228e-5, 0.013839080476873072, 0.027678160953745846, -0.17777777777777778, -0.031635965807727734, -0.06623467825895436, 0.18370550217470988, 0.07008260635708495, 0.029718221928453817, 0.006732585472688972, -0.019215132348964777, 0.0005355452305398348, 0.0003003415054447031, -0.03815281195903106, 0.009987769457564933, -0.012754709966348466, 0.009296110467229439, -0.009296110467229394, 3.1408883937545775e-17, -3.307510777073195e-17, -0.03163596580772814, 0.031635965807727734, 0.0, 0.10887349999842644, -0.10887349999842626, -1.0387027068224741e-16, -0.16866652215981862, 0.16866652215981834, -0.018151749264159387, 0.01815174926415941, -0.04579753418587275, -0.004369405601299169, 0.004369405601299118, 0.04579753418587276, -0.0068994999497265785, -0.007738689099892987, 0.0015574213673364594, 0.03459871245122664, 0.18370550217471002, 0.06623467825895436, -0.10887349999842644, 0.0, -0.2177469999968528, -0.08605211896801318, 0.02000500438213754, 0.08261440319180571, 0.003914929837096848, -0.03305871440935236, 0.032433732404120307, 0.014281983139960834, 0.012738819776520213, 0.008284335438395978, 0.007738689099893053, 0.006899499949726609, -0.0015574213673363512, -0.034598712451226414, -0.06623467825895417, -0.18370550217470988, 0.10887349999842626, 0.2177469999968528, 0.0, 0.08605211896801304, -0.08261440319180598, -0.020005004382137637, 0.03305871440935247, -0.003914929837096865, -0.008284335438395978, -0.012738819776520237, -0.014281983139960831, -0.03243373240412026, -0.008730947890165592, 0.00873094789016565, 3.8101691224041025e-17, 9.189125306458539e-17, 0.07008260635708521, -0.07008260635708495, 1.0387027068224741e-16, 0.08605211896801318, -0.08605211896801304, 0.0, 0.048482489012154836, -0.04848248901215527, -0.025231681429319797, 0.025231681429319842, -0.031430964488114665, 0.12482520083487036, -0.12482520083487034, 0.031430964488114596, -0.0066745177079253456, 0.003714018216830388, -0.00501692967333524, 0.040364384428631335, 0.006732585472688898, -0.029718221928453817, 0.16866652215981862, -0.02000500438213754, 0.08261440319180598, -0.048482489012154836, 0.0, -0.0969649780243106, -0.019415762994507504, -0.00914134888991982, 0.040255184401736255, 0.015023502972416588, 0.022289615598195082, -0.1442409638293779, -0.003714018216830397, 0.00667451770792535, 0.005016929673335273, -0.04036438442863142, 0.029718221928453626, -0.006732585472688972, -0.16866652215981834, -0.08261440319180571, 0.020005004382137637, 0.04848248901215527, 0.0969649780243106, 0.0, 0.009141348889919515, 0.01941576299450745, 0.14424096382937784, -0.022289615598194923, -0.015023502972416558, -0.04025518440173631, -0.026150109904194, 0.0008467948480091515, 0.003422601545135204, 0.022742479423913452, 0.0005355452305399917, 0.019215132348964777, 0.018151749264159387, -0.003914929837096848, -0.03305871440935247, 0.025231681429319797, 0.019415762994507504, -0.009141348889919515, 0.0, -0.0049690326747715815, 0.004176389966439341, -0.007673438181237941, -0.014161663799665686, -0.014668899354750303, -0.0008467948480090762, 0.026150109904194026, -0.0034226015451352208, -0.022742479423913463, -0.019215132348964697, -0.0005355452305398348, -0.01815174926415941, 0.03305871440935236, 0.003914929837096865, -0.025231681429319842, 0.00914134888991982, -0.01941576299450745, 0.0049690326747715815, 0.0, 0.014668899354750261, 0.014161663799665507, 0.007673438181238029, -0.004176389966439356, 0.002591703566416367, 0.005674761954426613, 0.0005087921400567256, 0.018937679610066337, -0.012754709966348579, -0.0003003415054447031, 0.04579753418587275, -0.032433732404120307, 0.008284335438395978, 0.031430964488114665, -0.040255184401736255, -0.14424096382937784, -0.004176389966439341, -0.014668899354750261, 0.1361111111111111, 0.002484516337385769, -0.01833805376610492, 0.01534687636247602, 0.006014305111551604, 0.0013555869880658225, -0.02047534794976741, 0.00023520372509527936, 0.00998776945756491, 0.03815281195903106, 0.004369405601299169, -0.014281983139960834, 0.012738819776520237, -0.12482520083487036, -0.015023502972416588, 0.022289615598194923, 0.007673438181237941, -0.014161663799665507, -0.002484516337385769, 0.1361111111111111, -0.02933779870950058, -0.01833805376610493, -0.0013555869880658275, -0.006014305111551616, 0.02047534794976745, -0.00023520372509506197, -0.038152811959031134, -0.009987769457564933, -0.004369405601299118, -0.012738819776520213, 0.014281983139960831, 0.12482520083487034, -0.022289615598195082, 0.015023502972416558, 0.014161663799665686, -0.007673438181238029, 0.01833805376610492, 0.02933779870950058, -0.1361111111111111, 0.002484516337385778, -0.005674761954426647, -0.002591703566416362, -0.0005087921400567317, -0.01893767961006634, 0.000300341505444743, 0.012754709966348466, -0.04579753418587276, -0.008284335438395978, 0.03243373240412026, -0.031430964488114596, 0.1442409638293779, 0.04025518440173631, 0.014668899354750303, 0.004176389966439356, -0.01534687636247602, 0.01833805376610493, -0.002484516337385778, -0.1361111111111111
-0.025, 0.00019306917340317534, 0.0003861383468063562, -0.004391966432053573, -0.001279375679194162, -0.004313294623214653, -0.007738689099893034, 0.006899499949726573, -0.00929611046722942, 0.003714018216830319, 0.006674517707925368, 0.008730947890165628, 0.005674761954426614, 0.0013555869880658071, -0.006014305111551563, -0.0025917035664163716, 0.0008467948480091287, 0.026150109904194044, -0.00019306917340317534, 0.0, 0.0001930691734031987, -7.867180883892939e-5, 7.867180883890702e-5, 3.933063756862708e-18, 0.0015574213673363562, -0.0015574213673364315, -2.9089629150826796e-17, -0.005016929673335305, 0.00501692967333525, 1.2974828406857824e-18, 0.0005087921400567093, -0.020475347949767426, 0.02047534794976745, -0.0005087921400567224, 0.003422601545135217, -0.003422601545135227, -0.0003861383468063562, -0.0001930691734031987, 0.025, 0.0012793756791941422, 0.004391966432053605, 0.004313294623214667, -0.006899499949726599, 0.007738689099893001, 0.009296110467229371, -0.006674517707925323, -0.003714018216830389, -0.008730947890165621, 0.0025917035664164267, 0.006014305111551611, -0.0013555869880657663, -0.005674761954426653, -0.026150109904194044, -0.0008467948480091219, 0.004391966432053573, 7.867180883892939e-5, -0.0012793756791941422, -0.17777777777777778, 0.02767816095374588, 0.013839080476872836, 0.18370550217471004, -0.06623467825895435, -0.03163596580772795, 0.006732585472689173, 0.029718221928453598, 0.07008260635708524, -0.012754709966348459, 0.009987769457564948, -0.03815281195903109, 0.0003003415054444579, 0.0005355452305397985, -0.019215132348964662, 0.001279375679194162, -7.867180883890702e-5, -0.004391966432053605, -0.02767816095374588, 0.17777777777777778, -0.013839080476872906, 0.0662346782589546, -0.18370550217471007, 0.03163596580772753, -0.029718221928454, -0.0067325854726889315, -0.07008260635708502, -0.0003003415054447968, 0.03815281195903103, -0.009987769457564947, 0.012754709966348627, 0.019215132348964804, -0.0005355452305399411, 0.004313294623214653, -3.933063756862708e-18, -0.004313294623214667, -0.013839080476872836, 0.013839080476872906, 0.0, 0.03459871245122668, -0.03459871245122664, 5.917178914079196e-17, 0.040364384428631425, -0.040364384428631286, -1.2815327221114825e-16, 0.018937679610066323, 0.00023520372509522585, -0.00023520372509514004, -0.01893767961006636, 0.022742479423913376, -0.022742479423913504, 0.007738689099893034, -0.0015574213673363562, 0.006899499949726599, -0.18370550217471004, -0.0662346782589546, -0.03459871245122668, 0.0, 0.2177469999968528, 0.10887349999842644, -0.02000500438213755, -0.08261440319180567, 0.08605211896801268, -0.0324337324041203, -0.014281983139961024, -0.012738819776520296, -0.008284335438396104, -0.003914929837096843, 0.03305871440935257, -0.006899499949726573, 0.0015574213673364315, -0.007738689099893001, 0.06623467825895435, 0.18370550217471007, 0.03459871245122664, -0.2177469999968528, 0.0, -0.1088734999984265, 0.08261440319180548, 0.02000500438213748, -0.08605211896801292, 0.008284335438395867, 0.012738819776520393, 0.014281983139960897, 0.03243373240412036, -0.03305871440935247, 0.003914929837096838, 0.00929611046722942, 2.9089629150826796e-17, -0.009296110467229371, 0.03163596580772795, -0.03163596580772753, -5.917178914079196e-17, -0.10887349999842644, 0.1088734999984265, 0.0, 0.16866652215981853, -0.16866652215981862, 7.97785471351964e-17, 0.04579753418587275, 0.004369405601299049, -0.004369405601299139, -0.045797534185872804, 0.018151749264159515, -0.01815174926415944, -0.003714018216830319, 0.005016929673335305, 0.006674517707925323, -0.006732585472689173, 0.029718221928454, -0.040364384428631425, 0.02000500438213755, -0.08261440319180548, -0.16866652215981853, 0.0, 0.09696497802431021, 0.048482489012155267, -0.04025518440173629, -0.01502350297241652, -0.02228961559819497, 0.14424096382937787, 0.019415762994507518, 0.009141348889919706, -0.006674517707925368, -0.00501692967333525, 0.003714018216830389, -0.029718221928453598, 0.0067325854726889315, 0.040364384428631286, 0.08261440319180567, -0.02000500438213748, 0.16866652215981862, -0.09696497802431021, 0.0, -0.048482489012155364, -0.14424096382937798, 0.022289615598195037, 0.015023502972416287, 0.04025518440173633, -0.009141348889919583, -0.019415762994507337, -0.008730947890165628, -1.2974828406857824e-18, 0.008730947890165621, -0.07008260635708524, 0.07008260635708502, 1.2815327221114825e-16, -0.08605211896801268, 0.08605211896801292, -7.97785471351964e-17, -0.048482489012155267, 0.048482489012155364, 0.0, 0.03143096448811468, -0.12482520083487048, 0.12482520083487056, -0.03143096448811465, 0.025231681429319763, -0.025231681429319912, -0.005674761954426614, -0.0005087921400567093, -0.0025917035664164267, 0.012754709966348459, 0.0003003415054447968, -0.018937679610066323, 0.0324337324041203, -0.008284335438395867, -0.04579753418587275, 0.04025518440173629, 0.14424096382937798, -0.03143096448811468, -0.1361111111111111, -0.0024845163373858115, 0.018338053766104877, -0.015346876362475996, 0.004176389966439225, 0.01466889935475038, -0.0013555869880658071, 0.020475347949767426, -0.006014305111551611, -0.009987769457564948, -0.03815281195903103, -0.00023520372509522585, 0.014281983139961024, -0.012738819776520393, -0.004369405601299049, 0.01502350297241652, -0.022289615598195037, 0.12482520083487048, 0.0024845163373858115, -0.1361111111111111, 0.029337798709500526, 0.018338053766104836, -0.007673438181238059, 0.014161663799665561, 0.006014305111551563, -0.02047534794976745, 0.0013555869880657663, 0.03815281195903109, 0.009987769457564947, 0.00023520372509514004, 0.012738819776520296, -0.014281983139960897, 0.004369405601299139, 0.02228961559819497, -0.015023502972416287, -0.12482520083487056, -0.018338053766104877, -0.029337798709500526, 0.1361111111111111, -0.002484516337385802, -0.014161663799665537, 0.007673438181237917, 0.0025917035664163716, 0.0005087921400567224, 0.005674761954426653, -0.0003003415054444579, -0.012754709966348627, 0.01893767961006636, 0.008284335438396104, -0.03243373240412036, 0.045797534185872804, -0.14424096382937787, -0.04025518440173633, 0.03143096448811465, 0.015346876362475996, -0.018338053766104836, 0.002484516337385802, 0.1361111111111111, -0.014668899354750206, -0.004176389966439286, -0.0008467948480091287, -0.003422601545135217, 0.026150109904194044, -0.0005355452305397985, -0.019215132348964804, -0.022742479423913376, 0.003914929837096843, 0.03305871440935247, -0.018151749264159515, -0.019415762994507518, 0.009141348889919583, -0.025231681429319763, -0.004176389966439225, 0.007673438181238059, 0.014161663799665537, 0.014668899354750206, 0.0, 0.004969032674771632, -0.026150109904194044, 0.003422601545135227, 0.0008467948480091219, 0.019215132348964662, 0.0005355452305399411, 0.022742479423913504, -0.03305871440935257, -0.003914929837096838, 0.01815174926415944, -0.009141348889919706, 0.019415762994507337, 0.025231681429319912, -0.01466889935475038, -0.014161663799665561, -0.007673438181237917, 0.004176389966439286, -0.004969032674771632, 0.0
