# This file contains data defining a Diagonal E SBP operator for triangles
# The operator is defined on the reference right-triangle.
# Each line below this header is as follows
# line 1: integer giving the number of nodes
# line 2: list of x-coordinates of the cubature nodes
# line 3: list of y-coordinates of the cubature nodes
# line 4: list of cubature weights
# lines 5: the rows in the matrix Qx
# lines 6: the rows in the matrix Qy
27
0.0, 1.0, 0.0, 0.10367750814280517, 0.10367750814280517, 0.7926449837143896, 0.2653313804842097, 0.2653313804842097, 0.46933723903158064, 0.35738424175967753, 0.6426157582403225, 0.6426157582403225, 0.35738424175967753, 0.0, 0.0, 0.11747233803526758, 0.8825276619647324, 0.8825276619647324, 0.11747233803526758, 0.0, 0.0, 0.5870855671333673, 0.3246404722650515, 0.3246404722650515, 0.5870855671333673, 0.0882739606015811, 0.0882739606015811
0.0, 0.0, 1.0, 0.7926449837143896, 0.10367750814280517, 0.10367750814280517, 0.46933723903158064, 0.2653313804842097, 0.2653313804842097, 0.0, 0.0, 0.35738424175967753, 0.6426157582403225, 0.6426157582403225, 0.35738424175967753, 0.0, 0.0, 0.11747233803526758, 0.8825276619647324, 0.8825276619647324, 0.11747233803526758, 0.0882739606015811, 0.0882739606015811, 0.5870855671333673, 0.3246404722650515, 0.3246404722650515, 0.5870855671333673
0.001090393904993471, 0.001090393904993471, 0.001090393904993471, 0.02839719066391149, 0.02839719066391149, 0.02839719066391149, 0.03996004802785181, 0.03996004802785181, 0.03996004802785181, 0.0069669428714637, 0.0069669428714637, 0.0069669428714637, 0.0069669428714637, 0.0069669428714637, 0.0069669428714637, 0.005519747637357106, 0.005519747637357106, 0.005519747637357106, 0.005519747637357106, 0.005519747637357106, 0.005519747637357106, 0.03612282652613417, 0.03612282652613417, 0.03612282652613417, 0.03612282652613417, 0.03612282652613417, 0.03612282652613417
-0.016666666666666666, -0.000214309229735513, -0.0001071546148677704, -0.004106993231020412, 0.0037887573463723273, -0.0013870836087764217, 0.002445868879192412, 0.0002599545896303318, 0.0022192603521329255, -0.0029313964555212767, 0.00020983538563342261, 0.0014274953678259552, 0.0010625284661002496, 0.001143173443701126, -0.0020001976214611117, 0.018317626168257026, 0.0006988077072922807, 0.0001360887269937187, 0.0024415076470778135, -0.0003857856031010511, 0.002457584662640329, 0.001918441388684453, -0.0049709883948692996, -0.0035020569314468267, -0.002122391028816586, -0.004069625896942028, 0.003937719151690412, 0.000214309229735513, 0.016666666666666666, 0.00010715461486774745, 0.004106993231020395, 0.001387083608776462, -0.003788757346372277, -0.0024458688791924583, -0.0022192603521329177, -0.0002599545896303008, -0.0002098353856334269, 0.0029313964555212667, 0.002000197621461105, -0.0011431734437011105, -0.0010625284661003062, -0.0014274953678260094, -0.0006988077072922563, -0.01831762616825704, -0.0024575846626403008, 0.00038578560310103724, -0.002441507647077807, -0.00013608872699372198, 0.004970988394869345, -0.0019184413886844207, -0.003937719151690425, 0.004069625896942042, 0.0021223910288165476, 0.0035020569314467924, 0.0001071546148677704, -0.00010715461486774745, 0.0, -2.0080836793331802e-17, -0.0027199096222439373, 0.0027199096222439633, -2.0360436916633158e-17, 0.00022660852705955092, -0.0002266085270595233, -0.00036496690172572294, 0.0003649669017257189, -0.0009333380580676765, -0.0009311988340601483, 0.0009311988340601595, 0.0009333380580676894, 0.0023054189200840654, -0.0023054189200840854, 0.0010845933103932933, 0.015860041505616707, -0.01586004150561669, -0.0010845933103933035, 0.0013796659026302366, -0.001379665902630221, -0.0009013624979273186, -0.002019277763006004, 0.002019277763006013, 0.0009013624979272856, 0.004106993231020412, -0.004106993231020395, 2.0080836793331802e-17, 0.0, -0.022899697854326488, 0.022899697854326568, 1.3090424982492033e-16, 0.009495714521843923, -0.009495714521843158, 0.005703298183612172, -0.005703298183612255, -0.03177928237641467, 0.043638626413079654, -0.043638626413079765, 0.03177928237641479, 0.014024003919796352, -0.014024003919796232, 0.017023401641193408, 0.09046447414260311, -0.09046447414260292, -0.01702340164119348, 0.018715353650341042, -0.018715353650340875, 0.08658375444226915, -0.030435781683785024, 0.030435781683785374, -0.08658375444226889, -0.0037887573463723273, -0.001387083608776462, 0.0027199096222439373, 0.022899697854326488, 0.0, 0.04579939570865369, -0.011262660228597336, 0.04275618813056683, -0.020758374750440664, 0.02306325767288896, -0.00814966406331577, -0.006848374682493507, -0.0011450764988814059, 0.023629618313098823, -0.020575368740190537, -0.013884990613492692, 0.00450720420882117, -0.019712388090481113, -0.0056883841706848294, -0.012516197432372107, -0.1043494647560957, -0.0665543493830226, 0.11687773251462695, 0.0007386831582643038, 0.019454036808605434, 0.030293978072357685, -0.036118567699237374, 0.0013870836087764217, 0.003788757346372277, -0.0027199096222439633, -0.022899697854326568, -0.04579939570865369, 0.0, 0.01126266022859706, 0.020758374750441205, -0.04275618813056694, 0.008149664063315805, -0.0230632576728889, 0.020575368740190607, -0.023629618313098903, 0.0011450764988812812, 0.006848374682493741, -0.004507204208821129, 0.013884990613492685, 0.10434946475609574, 0.012516197432372131, 0.005688384170684965, 0.01971238809048109, -0.11687773251462653, 0.06655434938302238, 0.03611856769923731, -0.03029397807235787, -0.01945403680860553, -0.0007386831582645241, -0.002445868879192412, 0.0024458688791924583, 2.0360436916633158e-17, -1.3090424982492033e-16, 0.011262660228597336, -0.01126266022859706, 0.0, -0.05887259234397622, 0.05887259234397597, 0.008888077079095655, -0.00888807707909556, -0.01959232176703906, -0.024473129512027954, 0.024473129512028007, 0.019592321767038998, -0.003964204319985939, 0.003964204319986095, -0.0038937105748518834, -0.010914074305276389, 0.01091407430527644, 0.003893710574851791, -0.0011899398592735064, 0.001189939859273526, 0.14280000419059452, 0.05088086448146635, -0.0508808644814664, -0.14280000419059444, -0.0002599545896303318, 0.0022192603521329177, -0.00022660852705955092, -0.009495714521843923, -0.04275618813056683, -0.020758374750441205, 0.05887259234397622, 0.0, 0.1177451846879524, 0.00402654452637326, -0.005580861784992141, -0.0019463808076737997, 0.00694169627142176, 0.014011459982046887, 0.028499674038401285, 0.004922250439588271, -0.003430792840363471, 0.008103766559551919, 0.004139562239566, 0.00046291773448829324, 0.01583632474486454, 0.0317730384375334, -0.007195421324355439, -0.01780539183140735, -0.0189953316906805, -0.14999542551495026, -0.01910782604393296, -0.0022192603521329255, 0.0002599545896303008, 0.0002266085270595233, 0.009495714521843158, 0.020758374750440664, 0.04275618813056694, -0.05887259234397597, -0.1177451846879524, 0.0, 0.005580861784992068, -0.004026544526373338, -0.028499674038401427, -0.014011459982046753, -0.006941696271421674, 0.0019463808076738713, 0.0034307928403636144, -0.0049222504395881215, -0.015836324744864547, -0.0004629177344882165, -0.004139562239565931, -0.008103766559551804, 0.007195421324355559, -0.031773038437533534, 0.019107826043932914, 0.14999542551494996, 0.01899533169068063, 0.01780539183140717, 0.0029313964555212767, 0.0002098353856334269, 0.00036496690172572294, -0.005703298183612172, -0.02306325767288896, -0.008149664063315805, -0.008888077079095655, -0.00402654452637326, -0.005580861784992068, 0.0, 0.012947491868313584, 0.0006701644592236515, -0.006703129489913816, 0.0022711887822627363, -0.011021591909392985, -0.016147530121310313, -0.0030605809541389205, 0.004217219681229069, 0.0009408727769745327, 0.0009237213430462013, 0.011848755233673096, 0.014620173566014518, 0.00690082845250107, 0.01756235952478158, -0.0025583955298422475, 0.019471753435872697, -0.0009777965518963185, -0.00020983538563342261, -0.0029313964555212667, -0.0003649669017257189, 0.005703298183612255, 0.00814966406331577, 0.0230632576728889, 0.00888807707909556, 0.005580861784992141, 0.004026544526373338, -0.012947491868313584, 0.0, 0.011021591909392957, -0.0022711887822627094, 0.006703129489913839, -0.0006701644592235698, 0.003060580954138957, 0.016147530121310136, -0.011848755233673153, -0.0009237213430462837, -0.000940872776974446, -0.0042172196812290475, -0.006900828452501105, -0.01462017356601437, 0.0009777965518963795, -0.019471753435872607, 0.0025583955298422527, -0.01756235952478165, -0.0014274953678259552, -0.002000197621461105, 0.0009333380580676765, 0.03177928237641467, 0.006848374682493507, -0.020575368740190607, 0.01959232176703906, 0.0019463808076737997, 0.028499674038401427, -0.0006701644592236515, -0.011021591909392957, 0.13871459425887162, -0.006473745934156848, 0.0016010243230391511, 0.01340625897982781, 0.0010163287730642436, 0.013473233460674451, 0.003316975406941342, 0.0009807989008470488, -0.016296838341511397, -0.0011267775288161758, 0.01642174988366094, -0.003163946655619023, -0.03940115558855935, -0.1456058399757094, -0.027989675864102642, -0.0027775377304478815, -0.0010625284661002496, 0.0011431734437011105, 0.0009311988340601483, -0.043638626413079654, 0.0011450764988814059, 0.023629618313098903, 0.024473129512027954, -0.00694169627142176, 0.014011459982046753, 0.006703129489913816, 0.0022711887822627094, 0.006473745934156848, 0.13871459425887162, -0.022043183818786043, 0.0016010243230390885, -0.00018590475184166385, -0.01207961866028227, -0.0020797820532919, -0.012830554714368963, 0.0253219886943475, 0.00194005011611054, -0.005335933260290146, -0.010427316339321062, -0.13870501152320822, -0.024780982022544962, -0.004141743207515299, 0.03589350331953344, -0.001143173443701126, 0.0010625284661003062, -0.0009311988340601595, 0.043638626413079765, -0.023629618313098823, -0.0011450764988812812, -0.024473129512028007, -0.014011459982046887, 0.006941696271421674, -0.0022711887822627363, -0.006703129489913839, -0.0016010243230391511, 0.022043183818786043, -0.13871459425887162, -0.006473745934156764, 0.012079618660282109, 0.00018590475184171188, -0.001940050116110648, -0.02532198869434739, 0.012830554714368841, 0.0020797820532919464, 0.010427316339320977, 0.005335933260290122, -0.035893503319533386, 0.0041417432075153285, 0.024780982022545008, 0.13870501152320827, 0.0020001976214611117, 0.0014274953678260094, -0.0009333380580676894, -0.03177928237641479, 0.020575368740190537, -0.006848374682493741, -0.019592321767038998, -0.028499674038401285, -0.0019463808076738713, 0.011021591909392985, 0.0006701644592235698, -0.01340625897982781, -0.0016010243230390885, 0.006473745934156764, -0.13871459425887162, -0.013473233460674298, -0.0010163287730643323, 0.0011267775288160953, 0.01629683834151132, -0.000980798900846918, -0.0033169754069415553, 0.0031639466556190195, -0.01642174988366091, 0.0027775377304477206, 0.027989675864102594, 0.1456058399757092, 0.03940115558855942, -0.018317626168257026, 0.0006988077072922563, -0.0023054189200840654, -0.014024003919796352, 0.013884990613492692, 0.004507204208821129, 0.003964204319985939, -0.004922250439588271, -0.0034307928403636144, 0.016147530121310313, -0.003060580954138957, -0.0010163287730642436, 0.00018590475184166385, -0.012079618660282109, 0.013473233460674298, 0.0, -0.001311427312518577, -0.0015231703437219156, 0.004696626308401144, 0.007796971251607519, -0.009771477569032776, -0.0033849309674018973, 0.00941888598391791, 0.0001343954510832465, 0.0014522029048587252, -0.019020306053158346, 0.01780697583812091, -0.0006988077072922807, 0.01831762616825704, 0.0023054189200840854, 0.014024003919796232, -0.00450720420882117, -0.013884990613492685, -0.003964204319986095, 0.003430792840363471, 0.0049222504395881215, 0.0030605809541389205, -0.016147530121310136, -0.013473233460674451, 0.01207961866028227, -0.00018590475184171188, 0.0010163287730643323, 0.001311427312518577, 0.0, 0.009771477569032747, -0.007796971251607464, -0.004696626308401121, 0.001523170343721968, -0.009418885983918011, 0.0033849309674017273, -0.017806975838120957, 0.0190203060531583, -0.0014522029048587525, -0.00013439545108319493, -0.0001360887269937187, 0.0024575846626403008, -0.0010845933103932933, -0.017023401641193408, 0.019712388090481113, -0.10434946475609574, 0.0038937105748518834, -0.008103766559551919, 0.015836324744864547, -0.004217219681229069, 0.011848755233673153, -0.003316975406941342, 0.0020797820532919, 0.001940050116110648, -0.0011267775288160953, 0.0015231703437219156, -0.009771477569032747, 0.09461873907446174, 0.0006557136562592383, 0.009320141595329528, -0.009393252616802284, 0.028375835620054652, -0.02384317781403154, 0.016761889239215504, -0.02542406432564294, 0.006094640992839512, -0.007328466061071734, -0.0024415076470778135, -0.00038578560310103724, -0.015860041505616707, -0.09046447414260311, 0.0056883841706848294, -0.012516197432372131, 0.010914074305276389, -0.004139562239566, 0.0004629177344882165, -0.0009408727769745327, 0.0009237213430462837, -0.0009807989008470488, 0.012830554714368963, 0.02532198869434739, -0.01629683834151132, -0.004696626308401144, 0.007796971251607464, -0.0006557136562592383, 0.09461873907446174, -0.01954295513806559, 0.009320141595329533, -0.005876263156213058, 0.0062290364439227955, -0.016005178341724952, 0.01337695827181373, -0.006036201975910574, 0.009355529566896304, 0.0003857856031010511, 0.002441507647077807, 0.01586004150561669, 0.09046447414260292, 0.012516197432372107, -0.005688384170684965, -0.01091407430527644, -0.00046291773448829324, 0.004139562239565931, -0.0009237213430462013, 0.000940872776974446, 0.016296838341511397, -0.0253219886943475, -0.012830554714368841, 0.000980798900846918, -0.007796971251607519, 0.004696626308401121, -0.009320141595329528, 0.01954295513806559, -0.09461873907446174, 0.0006557136562591793, -0.006229036443922811, 0.005876263156213052, -0.009355529566896316, 0.006036201975910492, -0.01337695827181374, 0.01600517834172504, -0.002457584662640329, 0.00013608872699372198, 0.0010845933103933035, 0.01702340164119348, 0.1043494647560957, -0.01971238809048109, -0.003893710574851791, -0.01583632474486454, 0.008103766559551804, -0.011848755233673096, 0.0042172196812290475, 0.0011267775288161758, -0.00194005011611054, -0.0020797820532919464, 0.0033169754069415553, 0.009771477569032776, -0.001523170343721968, 0.009393252616802284, -0.009320141595329533, -0.0006557136562591793, -0.09461873907446174, 0.023843177814031506, -0.028375835620054676, 0.00732846606107185, -0.006094640992839532, 0.025424064325642867, -0.016761889239215486, -0.001918441388684453, -0.004970988394869345, -0.0013796659026302366, -0.018715353650341042, 0.0665543493830226, 0.11687773251462653, 0.0011899398592735064, -0.0317730384375334, -0.007195421324355559, -0.014620173566014518, 0.006900828452501105, -0.01642174988366094, 0.005335933260290146, -0.010427316339320977, -0.0031639466556190195, 0.0033849309674018973, 0.009418885983918011, -0.028375835620054652, 0.005876263156213058, 0.006229036443922811, -0.023843177814031506, 0.0, -0.11257228338069045, -0.00576546261902268, 0.02653820879392348, 0.007130241729291351, 0.025706504432444207, 0.0049709883948692996, 0.0019184413886844207, 0.001379665902630221, 0.018715353650340875, -0.11687773251462695, -0.06655434938302238, -0.001189939859273526, 0.007195421324355439, 0.031773038437533534, -0.00690082845250107, 0.01462017356601437, 0.003163946655619023, 0.010427316339321062, -0.005335933260290122, 0.01642174988366091, -0.00941888598391791, -0.0033849309674017273, 0.02384317781403154, -0.0062290364439227955, -0.005876263156213052, 0.028375835620054676, 0.11257228338069045, 0.0, -0.025706504432444093, -0.0071302417292914665, -0.026538208793923247, 0.005765462619022591, 0.0035020569314468267, 0.003937719151690425, 0.0009013624979273186, -0.08658375444226915, -0.0007386831582643038, -0.03611856769923731, -0.14280000419059452, 0.01780539183140735, -0.019107826043932914, -0.01756235952478158, -0.0009777965518963795, 0.03940115558855935, 0.13870501152320822, 0.035893503319533386, -0.0027775377304477206, -0.0001343954510832465, 0.017806975838120957, -0.016761889239215504, 0.016005178341724952, 0.009355529566896316, -0.00732846606107185, 0.00576546261902268, 0.025706504432444093, 0.0, 0.0562861416903453, 0.012895704348313428, -0.053076417587846335, 0.002122391028816586, -0.004069625896942042, 0.002019277763006004, 0.030435781683785024, -0.019454036808605434, 0.03029397807235787, -0.05088086448146635, 0.0189953316906805, -0.14999542551494996, 0.0025583955298422475, 0.019471753435872607, 0.1456058399757094, 0.024780982022544962, -0.0041417432075153285, -0.027989675864102594, -0.0014522029048587252, -0.0190203060531583, 0.02542406432564294, -0.01337695827181373, -0.006036201975910492, 0.006094640992839532, -0.02653820879392348, 0.0071302417292914665, -0.0562861416903453, 0.0, 0.05141300886488828, 0.01289570434831414, 0.004069625896942028, -0.0021223910288165476, -0.002019277763006013, -0.030435781683785374, -0.030293978072357685, 0.01945403680860553, 0.0508808644814664, 0.14999542551495026, -0.01899533169068063, -0.019471753435872697, -0.0025583955298422527, 0.027989675864102642, 0.004141743207515299, -0.024780982022545008, -0.1456058399757092, 0.019020306053158346, 0.0014522029048587525, -0.006094640992839512, 0.006036201975910574, 0.01337695827181374, -0.025424064325642867, -0.007130241729291351, 0.026538208793923247, -0.012895704348313428, -0.05141300886488828, 0.0, 0.056286141690345175, -0.003937719151690412, -0.0035020569314467924, -0.0009013624979272856, 0.08658375444226889, 0.036118567699237374, 0.0007386831582645241, 0.14280000419059444, 0.01910782604393296, -0.01780539183140717, 0.0009777965518963185, 0.01756235952478165, 0.0027775377304478815, -0.03589350331953344, -0.13870501152320827, -0.03940115558855942, -0.01780697583812091, 0.00013439545108319493, 0.007328466061071734, -0.009355529566896304, -0.01600517834172504, 0.016761889239215486, -0.025706504432444207, -0.005765462619022591, 0.053076417587846335, -0.01289570434831414, -0.056286141690345175, 0.0
-0.016666666666666666, -0.00010715461486775138, -0.00021430922973553055, -0.0013870836087764233, 0.003788757346372296, -0.0041069932310203745, 0.002219260352132909, 0.000259954589630329, 0.002445868879192446, -0.0020001976214610757, 0.001143173443701099, 0.0010625284661002303, 0.0014274953678259632, 0.00020983538563342465, -0.002931396455521299, 0.002457584662640309, -0.0003857856031010284, 0.002441507647077841, 0.00013608872699373182, 0.0006988077072922343, 0.018317626168257002, 0.003937719151690449, -0.004069625896941998, -0.002122391028816585, -0.003502056931446821, -0.004970988394869329, 0.0019184413886844376, 0.00010715461486775138, 0.0, -0.00010715461486776472, 0.0027199096222439603, -0.0027199096222439278, 2.5645406025218926e-17, -0.0002266085270595203, 0.00022660852705955556, 9.862559338517696e-18, 0.0009333380580676642, 0.0009311988340601574, -0.0009311988340601749, -0.0009333380580676975, 0.0003649669017257464, -0.0003649669017256901, -0.0010845933103932756, -0.015860041505616727, 0.01586004150561669, 0.0010845933103932888, -0.0023054189200840836, 0.002305418920084103, 0.0009013624979273097, 0.0020192777630059972, -0.002019277763006001, -0.0009013624979272819, -0.0013796659026302166, 0.0013796659026302594, 0.00021430922973553055, 0.00010715461486776472, 0.016666666666666666, -0.0037887573463723147, 0.0013870836087764272, 0.004106993231020405, -0.00025995458963033545, -0.0022192603521329585, -0.0024458688791924492, -0.0014274953678260257, -0.0010625284661002967, -0.001143173443701102, 0.0020001976214611182, 0.002931396455521253, -0.0002098353856334073, -0.00013608872699375814, -0.002441507647077828, 0.0003857856031009969, -0.002457584662640307, -0.018317626168257002, -0.0006988077072922683, 0.003502056931446769, 0.002122391028816546, 0.00406962589694205, -0.003937719151690417, -0.001918441388684442, 0.0049709883948693065, 0.0013870836087764233, -0.0027199096222439603, 0.0037887573463723147, 0.0, -0.045799395708653476, -0.022899697854327068, -0.04275618813056693, 0.020758374750440994, 0.011262660228597504, 0.006848374682493507, 0.001145076498881371, -0.02362961831309886, 0.020575368740190586, -0.023063257672889005, 0.008149664063315696, 0.019712388090481238, 0.005688384170684926, 0.01251619743237219, 0.1043494647560958, 0.013884990613492748, -0.004507204208821335, -0.000738683158264281, -0.019454036808605437, -0.03029397807235787, 0.03611856769923749, 0.06655434938302264, -0.11687773251462677, -0.003788757346372296, 0.0027199096222439278, -0.0013870836087764272, 0.045799395708653476, 0.0, 0.02289969785432689, -0.020758374750440834, 0.04275618813056695, -0.011262660228597059, -0.020575368740190666, 0.023629618313098934, -0.0011450764988813625, -0.006848374682493637, -0.008149664063315869, 0.023063257672889168, -0.10434946475609558, -0.012516197432372141, -0.005688384170684784, -0.01971238809048111, 0.004507204208821276, -0.013884990613492753, -0.03611856769923738, 0.030293978072357994, 0.01945403680860565, 0.0007386831582644378, 0.11687773251462655, -0.06655434938302261, 0.0041069932310203745, -2.5645406025218926e-17, -0.004106993231020405, 0.022899697854327068, -0.02289969785432689, 0.0, -0.009495714521843517, 0.009495714521843834, -1.7186202124253343e-16, 0.031779282376414794, -0.04363862641307957, 0.04363862641307953, -0.03177928237641469, -0.005703298183612329, 0.005703298183612243, -0.017023401641193307, -0.09046447414260292, 0.09046447414260303, 0.0170234016411933, -0.01402400391979616, 0.014024003919796272, -0.08658375444226873, 0.030435781683785062, -0.03043578168378506, 0.08658375444226861, -0.018715353650340886, 0.018715353650341115, -0.002219260352132909, 0.0002266085270595203, 0.00025995458963033545, 0.04275618813056693, 0.020758374750440834, 0.009495714521843517, 0.0, -0.1177451846879524, -0.058872592343976245, 0.0019463808076739236, -0.006941696271421641, -0.014011459982046923, -0.02849967403840122, -0.004026544526373254, 0.005580861784992243, -0.008103766559551882, -0.004139562239565793, -0.00046291773448827985, -0.015836324744864468, -0.004922250439588125, 0.003430792840363577, 0.017805391831407044, 0.018995331690680798, 0.14999542551494982, 0.019107826043932866, -0.03177303843753363, 0.007195421324355586, -0.000259954589630329, -0.00022660852705955556, 0.0022192603521329585, -0.020758374750440994, -0.04275618813056695, -0.009495714521843834, 0.1177451846879524, 0.0, 0.05887259234397629, 0.028499674038401267, 0.014011459982046774, 0.0069416962714217425, -0.0019463808076737898, -0.0055808617849920725, 0.004026544526373217, 0.015836324744864554, 0.0004629177344883388, 0.004139562239565948, 0.008103766559552004, -0.003430792840363516, 0.0049222504395881675, -0.019107826043933004, -0.14999542551495004, -0.0189953316906807, -0.017805391831407134, -0.0071954213243555845, 0.031773038437533374, -0.002445868879192446, -9.862559338517696e-18, 0.0024458688791924492, -0.011262660228597504, 0.011262660228597059, 1.7186202124253343e-16, 0.058872592343976245, -0.05887259234397629, 0.0, 0.0195923217670389, 0.02447312951202801, -0.024473129512028128, -0.019592321767039025, -0.008888077079095657, 0.008888077079095573, 0.0038937105748518487, 0.010914074305276493, -0.010914074305276418, -0.003893710574851803, 0.0039642043199860895, -0.0039642043199860436, -0.14280000419059447, -0.05088086448146637, 0.050880864481466594, 0.14280000419059438, 0.0011899398592735016, -0.0011899398592732193, 0.0020001976214610757, -0.0009333380580676642, 0.0014274953678260257, -0.006848374682493507, 0.020575368740190666, -0.031779282376414794, -0.0019463808076739236, -0.028499674038401267, -0.0195923217670389, -0.13871459425887162, 0.006473745934156847, -0.0016010243230390646, -0.013406258979827751, 0.0006701644592236799, 0.011021591909393039, -0.0033169754069413988, -0.00098079890084699, 0.016296838341511233, 0.0011267775288161877, -0.0010163287730643564, -0.013473233460674366, 0.039401155588559444, 0.14560583997570925, 0.027989675864102618, 0.002777537730447844, -0.016421749883660786, 0.003163946655618978, -0.001143173443701099, -0.0009311988340601574, 0.0010625284661002967, -0.001145076498881371, -0.023629618313098934, 0.04363862641307957, 0.006941696271421641, -0.014011459982046774, -0.02447312951202801, -0.006473745934156847, -0.13871459425887162, 0.02204318381878605, -0.0016010243230391123, -0.0067031294899138755, -0.002271188782262659, 0.002079782053291932, 0.0128305547143688, -0.025321988694347507, -0.0019400501161104921, 0.00018590475184162818, 0.012079618660282196, 0.13870501152320816, 0.024780982022544976, 0.004141743207515297, -0.03589350331953352, 0.005335933260290136, 0.010427316339320978, -0.0010625284661002303, 0.0009311988340601749, 0.001143173443701102, 0.02362961831309886, 0.0011450764988813625, -0.04363862641307953, 0.014011459982046923, -0.0069416962714217425, 0.024473129512028128, 0.0016010243230390646, -0.02204318381878605, 0.13871459425887162, 0.006473745934156696, 0.0022711887822627445, 0.006703129489913905, 0.0019400501161105246, 0.02532198869434761, -0.012830554714368872, -0.0020797820532918784, -0.012079618660282211, -0.00018590475184175056, 0.0358935033195335, -0.0041417432075152565, -0.024780982022544938, -0.1387050115232083, -0.01042731633932096, -0.00533593326029025, -0.0014274953678259632, 0.0009333380580676975, -0.0020001976214611182, -0.020575368740190586, 0.006848374682493637, 0.03177928237641469, 0.02849967403840122, 0.0019463808076737898, 0.019592321767039025, 0.013406258979827751, 0.0016010243230391123, -0.006473745934156696, 0.13871459425887162, -0.011021591909393046, -0.000670164459223631, -0.0011267775288160968, -0.016296838341511355, 0.0009807989008469343, 0.0033169754069413333, 0.01347323346067442, 0.0010163287730642525, -0.002777537730447691, -0.027989675864102653, -0.14560583997570928, -0.03940115558855918, -0.0031639466556189506, 0.01642174988366085, -0.00020983538563342465, -0.0003649669017257464, -0.002931396455521253, 0.023063257672889005, 0.008149664063315869, 0.005703298183612329, 0.004026544526373254, 0.0055808617849920725, 0.008888077079095657, -0.0006701644592236799, 0.0067031294899138755, -0.0022711887822627445, 0.011021591909393046, 0.0, -0.012947491868313466, -0.004217219681229142, -0.0009408727769743286, -0.0009237213430463038, -0.011848755233673075, 0.01614753012131022, 0.0030605809541389907, -0.01756235952478159, 0.0025583955298422957, -0.019471753435872464, 0.000977796551896291, -0.014620173566014284, -0.006900828452501023, 0.002931396455521299, 0.0003649669017256901, 0.0002098353856334073, -0.008149664063315696, -0.023063257672889168, -0.005703298183612243, -0.005580861784992243, -0.004026544526373217, -0.008888077079095573, -0.011021591909393039, 0.002271188782262659, -0.006703129489913905, 0.000670164459223631, 0.012947491868313466, 0.0, 0.011848755233673148, 0.0009237213430462553, 0.0009408727769744955, 0.004217219681229097, -0.0030605809541388055, -0.016147530121310354, -0.0009777965518963114, 0.019471753435872596, -0.002558395529842422, 0.01756235952478152, 0.006900828452500944, 0.014620173566014473, -0.002457584662640309, 0.0010845933103932756, 0.00013608872699375814, -0.019712388090481238, 0.10434946475609558, 0.017023401641193307, 0.008103766559551882, -0.015836324744864554, -0.0038937105748518487, 0.0033169754069413988, -0.002079782053291932, -0.0019400501161105246, 0.0011267775288160968, 0.004217219681229142, -0.011848755233673148, -0.09461873907446174, -0.0006557136562592619, -0.009320141595329477, 0.009393252616802327, -0.0015231703437220117, 0.009771477569032827, -0.01676188923921561, 0.025424064325642797, -0.006094640992839613, 0.007328466061071734, -0.02837583562005467, 0.02384317781403141, 0.0003857856031010284, 0.015860041505616727, 0.002441507647077828, -0.005688384170684926, 0.012516197432372141, 0.09046447414260292, 0.004139562239565793, -0.0004629177344883388, -0.010914074305276493, 0.00098079890084699, -0.0128305547143688, -0.02532198869434761, 0.016296838341511355, 0.0009408727769743286, -0.0009237213430462553, 0.0006557136562592619, -0.09461873907446174, 0.019542955138065598, -0.009320141595329484, 0.004696626308401187, -0.007796971251607502, 0.016005178341724907, -0.013376958271813798, 0.006036201975910506, -0.00935552956689647, 0.005876263156212895, -0.0062290364439228415, -0.002441507647077841, -0.01586004150561669, -0.0003857856031009969, -0.01251619743237219, 0.005688384170684784, -0.09046447414260303, 0.00046291773448827985, -0.004139562239565948, 0.010914074305276418, -0.016296838341511233, 0.025321988694347507, 0.012830554714368872, -0.0009807989008469343, 0.0009237213430463038, -0.0009408727769744955, 0.009320141595329477, -0.019542955138065598, 0.09461873907446174, -0.000655713656259332, 0.007796971251607463, -0.00469662630840113, 0.00935552956689625, -0.006036201975910495, 0.013376958271813743, -0.016005178341725042, 0.006229036443922733, -0.0058762631562129675, -0.00013608872699373182, -0.0010845933103932888, 0.002457584662640307, -0.1043494647560958, 0.01971238809048111, -0.0170234016411933, 0.015836324744864468, -0.008103766559552004, 0.003893710574851803, -0.0011267775288161877, 0.0019400501161104921, 0.0020797820532918784, -0.0033169754069413333, 0.011848755233673075, -0.004217219681229097, -0.009393252616802327, 0.009320141595329484, 0.000655713656259332, 0.09461873907446174, -0.009771477569032811, 0.0015231703437220353, -0.007328466061071719, 0.006094640992839595, -0.02542406432564282, 0.016761889239215576, -0.02384317781403148, 0.028375835620054628, -0.0006988077072922343, 0.0023054189200840836, 0.018317626168257002, -0.013884990613492748, -0.004507204208821276, 0.01402400391979616, 0.004922250439588125, 0.003430792840363516, -0.0039642043199860895, 0.0010163287730643564, -0.00018590475184162818, 0.012079618660282211, -0.01347323346067442, -0.01614753012131022, 0.0030605809541388055, 0.0015231703437220117, -0.004696626308401187, -0.007796971251607463, 0.009771477569032811, 0.0, 0.0013114273125184501, -0.00013439545108318726, -0.0014522029048585547, 0.019020306053158336, -0.017806975838120992, 0.003384930967401827, -0.009418885983917867, -0.018317626168257002, -0.002305418920084103, 0.0006988077072922683, 0.004507204208821335, 0.013884990613492753, -0.014024003919796272, -0.003430792840363577, -0.0049222504395881675, 0.0039642043199860436, 0.013473233460674366, -0.012079618660282196, 0.00018590475184175056, -0.0010163287730642525, -0.0030605809541389907, 0.016147530121310354, -0.009771477569032827, 0.007796971251607502, 0.00469662630840113, -0.0015231703437220353, -0.0013114273125184501, 0.0, 0.01780697583812103, -0.019020306053158333, 0.0014522029048588089, 0.00013439545108326586, 0.00941888598391777, -0.003384930967401821, -0.003937719151690449, -0.0009013624979273097, -0.003502056931446769, 0.000738683158264281, 0.03611856769923738, 0.08658375444226873, -0.017805391831407044, 0.019107826043933004, 0.14280000419059447, -0.039401155588559444, -0.13870501152320816, -0.0358935033195335, 0.002777537730447691, 0.01756235952478159, 0.0009777965518963114, 0.01676188923921561, -0.016005178341724907, -0.00935552956689625, 0.007328466061071719, 0.00013439545108318726, -0.01780697583812103, 0.0, -0.05628614169034522, -0.012895704348313783, 0.05307641758784664, -0.005765462619022605, -0.025706504432444047, 0.004069625896941998, -0.0020192777630059972, -0.002122391028816546, 0.019454036808605437, -0.030293978072357994, -0.030435781683785062, -0.018995331690680798, 0.14999542551495004, 0.05088086448146637, -0.14560583997570925, -0.024780982022544976, 0.0041417432075152565, 0.027989675864102653, -0.0025583955298422957, -0.019471753435872596, -0.025424064325642797, 0.013376958271813798, 0.006036201975910495, -0.006094640992839595, 0.0014522029048585547, 0.019020306053158333, 0.05628614169034522, 0.0, -0.05141300886488829, -0.01289570434831389, 0.02653820879392322, -0.007130241729291295, 0.002122391028816585, 0.002019277763006001, -0.00406962589694205, 0.03029397807235787, -0.01945403680860565, 0.03043578168378506, -0.14999542551494982, 0.0189953316906807, -0.050880864481466594, -0.027989675864102618, -0.004141743207515297, 0.024780982022544938, 0.14560583997570928, 0.019471753435872464, 0.002558395529842422, 0.006094640992839613, -0.006036201975910506, -0.013376958271813743, 0.02542406432564282, -0.019020306053158336, -0.0014522029048588089, 0.012895704348313783, 0.05141300886488829, 0.0, -0.05628614169034501, 0.007130241729291384, -0.026538208793922987, 0.003502056931446821, 0.0009013624979272819, 0.003937719151690417, -0.03611856769923749, -0.0007386831582644378, -0.08658375444226861, -0.019107826043932866, 0.017805391831407134, -0.14280000419059438, -0.002777537730447844, 0.03589350331953352, 0.1387050115232083, 0.03940115558855918, -0.000977796551896291, -0.01756235952478152, -0.007328466061071734, 0.00935552956689647, 0.016005178341725042, -0.016761889239215576, 0.017806975838120992, -0.00013439545108326586, -0.05307641758784664, 0.01289570434831389, 0.05628614169034501, 0.0, 0.02570650443244409, 0.005765462619022355, 0.004970988394869329, 0.0013796659026302166, 0.001918441388684442, -0.06655434938302264, -0.11687773251462655, 0.018715353650340886, 0.03177303843753363, 0.0071954213243555845, -0.0011899398592735016, 0.016421749883660786, -0.005335933260290136, 0.01042731633932096, 0.0031639466556189506, 0.014620173566014284, -0.006900828452500944, 0.02837583562005467, -0.005876263156212895, -0.006229036443922733, 0.02384317781403148, -0.003384930967401827, -0.00941888598391777, 0.005765462619022605, -0.02653820879392322, -0.007130241729291384, -0.02570650443244409, 0.0, 0.11257228338069038, -0.0019184413886844376, -0.0013796659026302594, -0.0049709883948693065, 0.11687773251462677, 0.06655434938302261, -0.018715353650341115, -0.007195421324355586, -0.031773038437533374, 0.0011899398592732193, -0.003163946655618978, -0.010427316339320978, 0.00533593326029025, -0.01642174988366085, 0.006900828452501023, -0.014620173566014473, -0.02384317781403141, 0.0062290364439228415, 0.0058762631562129675, -0.028375835620054628, 0.009418885983917867, 0.003384930967401821, 0.025706504432444047, 0.007130241729291295, 0.026538208793922987, -0.005765462619022355, -0.11257228338069038, 0.0
