# This file contains data defining a Diagonal E SBP operator for triangles
# The operator is defined on the reference right-triangle.
# Each line below this header is as follows
# line 1: integer giving the number of nodes
# line 2: list of x-coordinates of the cubature nodes
# line 3: list of y-coordinates of the cubature nodes
# line 4: list of cubature weights
# lines 5: the rows in the matrix Qx
# lines 6: the rows in the matrix Qy
7
0.0, 1.0, 0.0, 0.5, 0.5, 0.0, 0.3333333333333333
0.0, 0.0, 1.0, 0.0, 0.5, 0.5, 0.3333333333333333
0.024999999999999998, 0.024999999999999998, 0.024999999999999998, 0.06666666666666667, 0.06666666666666667, 0.06666666666666667, 0.22500000000000006
-0.08333333333333333, -0.0054119803382487505, -0.002705990169124325, 0.05882862617678911, -0.05242606015162875, 0.0034166458385403485, 0.08163209197700576, 0.0054119803382487505, 0.08333333333333333, 0.002705990169124348, -0.05882862617678912, -0.003416645838540351, 0.052426060151628706, -0.08163209197700581, 0.002705990169124325, -0.002705990169124348, 0.0, -4.937787504936076e-17, 0.05541198033824877, -0.05541198033824871, 4.4482126930789627e-17, -0.05882862617678911, 0.05882862617678912, 4.937787504936076e-17, 0.0, 0.015676080979755046, -0.015676080979754932, -7.096531604639982e-18, 0.05242606015162875, 0.003416645838540351, -0.05541198033824877, -0.015676080979755046, 0.3333333333333333, -0.03135216195951, -0.2867358160459886, -0.0034166458385403485, -0.052426060151628706, 0.05541198033824871, 0.015676080979754932, 0.03135216195951, -0.3333333333333333, 0.2867358160459886, -0.08163209197700576, 0.08163209197700581, -4.4482126930789627e-17, 7.096531604639982e-18, 0.2867358160459886, -0.2867358160459886, 0.0
-0.08333333333333333, -0.0027059901691244333, -0.005411980338248704, 0.00341664583854018, -0.05242606015162878, 0.05882862617678926, 0.08163209197700579, 0.0027059901691244333, 0.0, -0.0027059901691244594, -0.05541198033824854, 0.05541198033824858, -6.4970888222843104e-18, 7.724028242245641e-17, 0.005411980338248704, 0.0027059901691244594, 0.08333333333333333, 0.05242606015162879, -0.0034166458385401564, -0.05882862617678931, -0.08163209197700581, -0.00341664583854018, 0.05541198033824854, -0.05242606015162879, -0.3333333333333333, 0.03135216195950943, 0.015676080979755664, 0.28673581604598863, 0.05242606015162878, -0.05541198033824858, 0.0034166458385401564, -0.03135216195950943, 0.3333333333333333, -0.015676080979755733, -0.28673581604598875, -0.05882862617678926, 6.4970888222843104e-18, 0.05882862617678931, -0.015676080979755664, 0.015676080979755733, 0.0, -8.515837925567978e-17, -0.08163209197700579, -7.724028242245641e-17, 0.08163209197700581, -0.28673581604598863, 0.28673581604598875, 8.515837925567978e-17, 0.0
